9
0 13
94192 88544 94356 45608 96767 91997 1599 82022 45948 4346 6990 70546 30723
1 19
81515 36109 94334 57868 26185 30294 89494 22277 32904 51943 4770 64718 43193 54693 4989 75323 88985 13706 50324
2 18
16023 35387 7100 96619 11192 81548 85500 99122 70281 88815 2833 86566 29805 70856 9041 95109 81874 59105
3 14
6008 49233 54205 93556 4982 75988 68679 73436 92770 23414 19769 28715 1441 43193
4 12
89089 50423 75782 24927 84490 7521 88055 39112 7431 3437 14116 16808
5 16
48874 90613 30091 70553 47081 98759 14459 86009 31929 83777 62891 41431 34776 32713 85820 69906
6 15
47182 78614 92011 32000 52588 76192 7756 2535 76032 40065 46 27549 8469 1006 27899
7 20
40419 22656 90821 95812 37092 47086 71696 79184 17095 32082 87022 37050 12603 63360 84296 50744 21142 27984 37266 70688