8
9732 19
34279 70399 68587 25547 45457 46395 59657 91031 14832 27469 30621 23745 16150 21619 5122 97489 97694 23923 50564
6112 19
21317 87586 57834 95722 96465 1051 40142 54018 78666 6901 47382 13248 31668 61716 27539 86659 95625 93072 71160
8408 19
9756 16222 31076 23569 13455 63077 35896 27938 40222 47632 3312 82975 23584 5279 4098 69966 37821 22006 46750
2631 20
28844 95646 53154 27196 41551 48846 91910 65968 46628 98470 51443 72913 92325 86463 39248 49839 63405 11334 72613 30747
1478 20
29736 81910 56764 95287 31959 59763 21990 29280 16091 11030 70272 40915 94114 89956 99281 44076 3165 94760 88154 16541
1764 19
44025 47404 65649 11406 54107 77315 20779 64281 14379 13065 56196 21325 56985 56758 12587 48550 14640 65781 12597
3597 20
40462 30212 95110 43268 15572 44464 11413 10118 37962 76133 90138 43181 26650 84345 90342 82493 12667 73670 55285 59146
4255 20
81866 86820 56287 86341 72649 86205 43634 64636 77860 30433 96564 4701 67242 99761 82795 26711 80831 49819 63616 36939