14
162 13
1120 1119 1118 1117 1116 1115 1114 1113 1112 1111 1110 1109 1108
8081 13
42909 42908 42907 42906 25569 40230 42905 42904 42903 25135 42902 8130 35500
3402 12
20973 20972 20971 20970 20969 20968 5075 20967 20966 20965 20964 12982
5525 12
31813 31812 27552 31811 31810 31809 31808 31807 31806 31805 26417 24455
6039 12
32844 13964 34234 34233 7675 6900 324 34232 34231 34230 34229 11340
6550 12
23847 4253 36502 23004 26925 36501 26863 31269 36500 36499 36498 22576
7734 12
41516 23756 21153 13385 16180 41515 41514 41513 41512 21571 41511 4284
8540 12
44713 44712 2873 44711 17616 17452 44710 44709 44708 29596 39123 27996
8830 12
45794 45793 45792 14569 11165 14503 45791 26770 43019 5840 13498 45790
9781 12
49128 49127 49126 49125 12368 41280 2390 20362 40904 34600 45656 42972
11518 12
23256 49635 9622 42470 4116 37327 28555 29267 3409 54655 54654 54653
11786 12
26670 50813 55405 45560 12252 45837 46631 53505 6879 55404 38898 41586
14888 12
39501 41186 53011 15476 62989 10200 62988 24038 2987 62987 62986 34680
15139 12
63509 34650 63508 60435 23372 63507 54993 18367 42144 36767 17186 55492