5
953 190
33393 2295 32316 55487 23556 18302 32206 50507 25435 66755 47996 67832 27148 63103 64010 59445 69271 88554 31786 73962 94979 19822 21445 88708 99485 6391 55601 46865 2984 19783 38132 66247 74716 30327 43896 47330 60267 45774 47408 63293 70272 13634 62298 55977 70529 78158 27913 55789 42198 3456 10207 24500 93990 20394 98126 73458 51818 66916 50895 65213 67713 76576 76296 68494 4147 15714 39262 57355 76374 3939 83137 32539 17159 83780 13459 38151 2036 24072 17045 39962 70486 26736 70758 21735 82581 74231 73288 53644 64468 64885 18103 87950 75881 84438 88198 38839 82146 94227 88761 2513 44348 8634 36627 9137 55507 85242 39748 41533 19798 54829 12507 27523 37647 26756 93795 42872 47822 28910 92569 74371 9174 16222 8016 97806 98933 96114 90924 22417 87078 60887 89077 20172 66694 23102 52672 81608 16875 51972 11370 16386 5062 42078 21409 79546 87899 97036 61767 83871 95522 97253 24597 33325 18549 52783 5579 20969 10609 83975 22368 23114 78340 35682 32717 94356 63762 97863 19888 18487 71446 14621 57927 14529 2441 42369 67907 53551 68927 94514 36725 4414 82362 85413 43142 78492 18717 20509 61085 27866 97987 66937
298 366
50023 84578 21786 47996 51566 84440 87866 61757 76912 63137 94081 86350 87867 39007 33726 64935 61321 82255 47915 36339 79350 31001 46959 82701 41800 66574 94278 47294 77845 63448 50500 19651 66290 8463 22798 33419 42227 17221 20059 55497 27804 88148 443 53628 33317 16141 83537 76356 94754 64947 63988 30243 9407 78068 85197 62671 35491 63628 66533 99738 41520 33894 34051 9061 7191 24971 93165 16352 77958 49393 82989 79111 98772 2963 50273 7997 28236 51476 65301 35349 99838 28699 85507 58171 11957 68520 52801 66810 79250 83524 27683 85742 91153 71544 67415 3040 7938 63130 3601 4581 25373 13274 63086 78080 90320 34244 87298 16771 11466 52028 20889 70551 382 94951 49177 58454 70707 73924 64714 33619 45050 41306 39026 83282 28124 90892 9774 70680 86072 75171 30614 96019 38457 65179 37733 86161 42400 13884 10091 46724 13519 86268 47290 78263 23913 58376 96151 85359 46165 46704 1893 36944 97775 23338 73773 51742 65277 57566 70557 82095 70542 48300 59853 55109 22867 37282 14756 69967 53674 5728 12452 37556 86347 14931 91767 99542 50851 16904 11018 42577 3949 80340 50529 84713 45736 2214 52546 7286 68743 73239 67953 469 47935 72897 94490 69113 23079 34546 60415 93535 18551 93873 1144 70003 61062 29802 75207 10501 34336 81411 82227 4437 81064 1194 27583 81914 48968 90556 32557 26302 55121 80263 33006 64707 41842 4511 82875 60766 30612 46881 93312 3223 75765 7488 53573 21524 62828 13268 57126 33394 21955 42396 3073 29678 42310 93648 36471 13822 91984 41860 7150 89109 2609 5306 81339 47960 7437 83412 87865 85681 9445 66929 73394 9474 40293 26921 18292 67893 72987 54148 27220 98432 32198 40392 70864 53222 31914 94604 5723 98727 4127 94635 79914 73343 20479 88288 58597 83709 73318 32921 89235 29892 24545 23656 92774 80603 12958 51346 26360 92747 8883 70010 83456 16538 19233 98547 66899 45414 10522 77319 30194 90985 33671 18918 64176 92347 14335 13802 29141 16306 89996 84528 64421 308 49312 34689 1539 98276 76882 45502 90030 84014 10624 61199 35453 92295 21978 59095 95481 26687 90420 99972 67668 15279 70704 83109 98927 25549 34343 28504 6608 83672 20412 37535 19509 83268 98790 90723 36752 45909 8923 87697 61886 62145 41530 19962
264 167
86761 82009 576 24606 69257 8296 45546 23999 74704 14304 76994 24518 92830 34708 36164 80708 68410 63457 2400 38550 49080 64935 74610 46139 1603 3400 52338 53518 37857 35844 10289 76954 46511 15802 25422 15163 5549 33886 92888 49272 5906 74143 54353 96414 45802 63754 88017 74083 35444 56550 81023 366 57856 39321 52664 31139 24076 44384 58743 57054 37943 36923 75515 44053 13745 80402 66619 85610 12312 27713 60146 32956 57972 36330 83897 71654 68238 90143 30249 91735 85302 46546 33543 58526 55819 43639 2236 27023 85812 31482 52149 46999 65574 59623 46314 43008 1622 59834 78206 91833 41643 31465 32498 19851 54898 73145 73915 67581 88608 59454 48393 60957 81286 17927 37429 84637 73026 73480 76560 87673 87062 93964 74305 4713 70949 61418 5215 57810 49258 74670 25645 80153 45237 60331 50699 94621 1007 81318 47841 80234 66952 74040 85647 33426 55337 11611 60451 96331 20524 50429 46099 91231 59904 32438 77365 93173 70506 24576 5526 80131 21546 96840 20551 30200 10214 75065 24246
253 131
30252 99359 65599 1720 1134 92211 59137 43465 70278 94755 65226 57962 77047 48292 45277 36811 56212 62578 38432 59217 74365 74656 67649 13179 20704 80533 33480 76259 14689 91042 8548 8081 49272 27475 51001 74252 44903 69828 62927 71393 24364 62342 8629 69856 14986 29016 3581 34580 42987 78393 37398 97254 18643 71836 15372 38361 57421 44053 72142 59812 88662 84778 3019 61374 30952 14199 39141 46379 76545 67515 18631 34568 71273 66818 92814 27072 28378 87534 45939 4595 73384 25779 22901 15383 18246 82538 20449 64389 44641 92931 91447 46856 39767 50961 92514 33927 48102 88140 48329 2168 15417 18975 27376 22259 49362 88177 78070 7096 66374 84172 93698 97733 4568 40352 41148 38075 3258 99423 76275 25334 60486 24783 9627 58626 2837 90603 29995 9774 75193 2747 69799
594 70
1968 24856 95675 77811 8910 99743 94120 13423 52301 25255 1667 94007 54035 68634 18435 17932 6181 21682 18504 58851 94633 72829 61321 11379 86360 60881 63867 47755 84312 65898 82351 67930 28198 92275 29339 96113 28216 1116 50310 90023 35999 33848 45335 23797 21533 20404 20268 59042 81581 97000 12199 59966 66330 61977 1932 37433 90045 13144 14783 61469 3123 37303 95792 12923 30108 32342 97028 56314 29197 99738