6
0 344
3951 53602 28809 53941 45358 48814 11007 80118 28604 15755 35444 87833 25170 62860 65211 1177 27615 35319 84835 42434 59278 89805 70381 81264 86920 60041 20380 71381 54810 5683 84637 4731 72715 94267 6973 65856 86242 77669 89610 11917 3313 34608 46257 30475 91648 17983 39752 99650 80160 54534 75458 18369 34505 84991 83832 65316 3342 35983 95567 38494 34541 20438 67555 99630 93817 96897 8024 28322 79283 45572 71846 42800 83261 99567 48946 19369 29655 59126 14769 10284 52090 54633 59703 96284 6093 40455 85982 20886 8930 86227 52050 52583 21671 71589 13782 35512 37925 6600 62436 80909 88953 1734 45680 93078 64658 2500 37116 93968 41060 74985 74784 87332 37567 41289 35661 693 77763 38069 67516 23954 42126 9027 89917 50317 93442 30262 73467 50872 42332 6580 44616 32366 69055 50047 42557 7292 85336 23462 12286 42234 5610 92963 97495 986 26528 38677 71630 31633 22510 81797 7180 39635 76197 36490 50625 13975 12749 55326 52906 89497 86342 30407 63263 22580 39496 4290 51722 34373 72752 2885 14100 82252 56286 24972 38183 4476 40929 35197 80354 12261 28683 18709 62989 8602 50592 76166 83834 44402 43162 45410 80191 8351 32237 7072 43658 56984 27656 39973 44167 25592 92380 3066 40061 386 38880 67463 29026 29259 63214 19265 74214 70371 50618 52465 25685 97566 63100 66827 9591 30623 85368 92730 44902 36651 52440 98726 1970 2797 48125 54664 91345 4213 27863 25355 47044 43297 2407 80092 42729 60979 55913 9441 82801 2926 58636 5325 71126 34352 33315 37903 75179 43074 10108 86636 22260 30769 92397 77738 75985 62548 96727 45717 41469 593 47842 67732 73947 2846 23922 18877 50523 38182 74650 96360 74370 80650 39492 53706 73153 83655 26092 83315 94965 18088 7563 17880 32267 56271 4374 29628 37367 6970 9069 11006 84948 17643 86413 61524 4328 8674 89603 80636 71844 90797 85867 41328 85809 85925 35107 96613 85964 71970 98633 32003 73775 49538 60944 41071 27998 22599 46583 27933 7481 81433 79315 4113 91865 65959 50394 77895 49247 39198 31819 78361 79038 24867 9857 58955 64691 64075 37940 31470 31074 12421
1 191
93871 89128 52013 61705 58707 63867 79187 55396 21461 96254 34941 61664 52096 30457 14717 92344 35066 38232 75524 78346 7024 90423 49568 35533 832 70767 10632 84236 78336 91067 88218 52395 68786 23403 37057 42548 34306 15573 97712 77787 10452 3018 13872 87615 75605 76944 23237 71981 32625 19789 92801 57528 28205 23440 35798 6613 87732 31608 63095 24778 75417 7488 42773 47595 85784 73594 62250 25098 86855 86247 98332 23195 19217 65744 60337 52947 28005 66257 35715 19598 63727 8155 37538 16133 26773 80360 90446 69916 78575 49449 87307 7408 99992 10503 65951 95719 82272 83903 86948 92035 24029 24512 1635 90038 64513 88578 54665 33270 41761 87749 79850 31711 74637 62374 60042 13998 34274 5193 19284 5001 11646 91868 60341 98256 67569 61581 85084 15231 24503 10824 52943 59756 30413 91338 23528 45196 30904 42330 41451 98736 62700 15067 23162 16012 5029 58385 71704 27505 88927 73040 1143 99897 98219 67861 22281 9310 31484 21107 48266 43963 57306 57438 96227 74509 10004 42013 13488 29694 42666 76801 49920 27478 74301 39012 60662 48013 56547 83730 35534 57632 13602 6634 72367 22257 16552 99581 51880 59588 57996 9748 10478
2 42
4967 31577 20417 94531 33458 25309 28336 81648 18725 14231 56751 40238 91892 46105 92753 80121 75008 61729 3694 15822 22850 37448 57618 990 94927 80013 29076 15378 47713 28678 9816 32282 21110 63065 7988 18731 20070 73076 94929 4797 64189 59076
3 169
97814 95207 42871 54174 16003 58029 75469 43225 21553 58353 14297 18435 83803 3441 57108 10918 93333 83466 57479 66113 68437 80494 54841 70555 81702 67278 42128 48486 36400 36759 27695 59104 84615 18151 21200 82935 52580 73624 44377 65786 35886 50847 64947 99468 99447 80309 63000 89308 59966 59357 11266 37342 56357 97028 39257 89820 17159 81346 46044 30058 29482 91331 99106 39828 71812 31286 40669 49288 58013 52245 47794 3433 57446 16930 23645 31385 62652 8942 2672 58135 99576 53009 58996 96556 61546 36317 34005 62252 35404 94767 82055 60957 96173 3182 82950 46892 72141 33433 67101 39783 77965 16606 49109 87863 81436 32724 53186 15600 90944 53807 99439 89708 91140 40647 58824 39813 60005 46022 14165 12313 15783 58173 22092 26969 90174 18150 8265 33851 53018 46298 67221 2044 10564 44217 37300 4680 86548 44756 52652 72235 92469 39655 23114 54311 10713 50474 47721 47098 97069 78340 12927 72246 12452 37991 83251 80930 86353 4901 70219 29278 14314 80466 86070 75468 64046 76760 13093 54605 6839
4 143
80830 14716 29599 81122 51836 14304 60058 38590 10378 10566 87330 50258 66572 77231 20618 99850 47642 22452 93704 25789 74405 45667 12769 45298 23155 63122 2463 64104 47828 62125 798 70830 31696 6885 35998 22464 9276 46852 10649 54536 11444 57020 31583 25886 70126 28646 97178 13459 23637 54036 88317 59690 74155 18401 99684 26391 40849 99188 81065 53009 83249 35017 94789 40721 78140 42857 20872 44206 21127 14317 13949 10722 69785 28776 82428 34571 78370 49423 60389 75278 19523 79514 45270 6229 4502 10958 60691 76326 60243 26777 36513 90964 79448 72571 23982 46124 89579 98807 29237 83815 33439 72166 48298 63942 22547 63354 12738 42828 74548 35357 53674 91180 63539 2537 64364 17525 67907 99766 15220 57862 60967 59459 7824 82523 8254 52775 37790 8822 67829 92762 39300 29095 57641 71074 32918 95670 17981 31966 50355 99251 51254 67576 84368
5 77
38077 21103 77091 2438 40260 24862 60212 22609 63062 65616 24656 98439 91065 53033 89836 66802 51534 12689 24126 89563 34176 946 60960 45273 507 5155 99343 84843 50987 43136 48386 45218 66295 35349 55727 44447 1151 63209 63060 31331 58082 98733 77979 28399 89397 88535 58087 45137 24906 32279 99423 50505 97851 3926 12594 8369 30427 87182 62827 85840 58285 37178 92518 13035 49597 78509 97144 61769 52534 36496 40395 67607 19965 67591 93154 40476 61989